layout_spectrum: 0.4639284
typography_spectrum: 0.9678748
color:
  saturation: 0.6472239
  lightness: 0.5415264
  brandStrength: 0.6178933
  rhythmicContrast: 0.2167265
name: Alaskan Malamute
